31827
1000
53
54
54
54
54
54
54
54
54
54
54
54
54
55
55
55
55
55
55
55
55
55
55
55
55
55
55
56
56
56
56
56
56
56
56
56
56
56
56
56
56
56
56
56
56
56
56
57
57
57
57
57
57
57
57
57
57
57
57
57
58
58
58
58
58
58
58
58
58
59
59
59
59
59
59
59
59
59
59
59
59
59
60
60
60
60
60
60
60
60
60
61
61
61
61
61
61
61
61
61
61
61
61
62
62
62
62
62
62
62
62
62
62
63
63
63
63
63
63
63
63
63
63
64
64
64
64
64
64
64
64
65
65
65
65
65
65
65
65
65
65
65
66
66
66
66
66
66
66
66
66
66
66
66
67
67
67
67
67
67
68
68
68
68
68
68
68
68
68
68
69
69
69
69
69
69
69
69
69
69
69
69
70
70
70
70
70
70
71
71
71
71
71
71
71
71
71
72
72
72
72
72
72
72
72
72
72
72
73
73
73
73
73
73
73
73
74
74
74
74
74
74
74
75
75
75
75
75
75
75
75
75
76
76
76
76
76
76
77
77
77
77
77
77
77
77
77
78
78
78
78
78
78
78
79
79
79
79
79
79
79
80
80
80
80
80
80
80
80
81
81
81
81
81
81
81
81
81
82
82
82
82
82
82
82
83
83
83
83
83
83
84
84
84
84
84
85
85
85
85
85
85
85
85
86
86
86
86
86
86
87
87
87
87
87
88
88
88
88
88
88
89
89
89
89
89
90
90
90
90
90
90
90
91
91
91
91
91
92
92
92
92
92
92
93
93
93
93
93
93
94
94
94
94
94
95
95
95
95
95
95
96
96
96
96
97
97
97
97
97
98
98
98
99
99
99
99
99
100
100
100
100
100
100
101
101
101
101
101
101
102
102
102
102
102
103
103
103
104
104
104
105
105
105
105
106
106
106
106
106
107
107
107
107
108
108
108
108
108
108
109
109
109
110
110
110
110
110
110
111
111
111
111
111
112
112
112
112
112
113
113
114
114
114
114
115
115
115
115
115
116
116
116
117
117
117
117
118
118
118
118
118
119
119
119
119
120
120
120
121
121
121
121
121
122
122
122
123
123
123
123
124
124
125
125
125
125
126
126
126
127
127
127
127
127
128
128
128
128
129
129
130
130
130
131
131
131
132
132
133
133
133
133
134
134
135
135
135
136
136
136
136
137
137
138
138
138
138
139
139
139
140
140
140
141
141
141
141
142
142
143
143
143
144
144
144
145
145
145
145
146
146
146
146
146
147
147
148
148
148
149
149
149
150
150
150
151
151
151
151
152
152
153
153
154
154
154
155
155
156
156
156
157
157
158
158
159
160
160
161
162
163
163
163
164
164
165
165
166
166
167
167
168
168
168
168
169
169
169
170
170
170
170
171
171
172
172
173
174
174
174
175
175
175
176
176
177
177
178
179
179
181
182
183
184
184
185
186
186
187
187
189
190
190
192
192
193
193
194
194
195
195
196
197
197
198
199
199
200
200
201
202
202
203
203
204
205
205
205
206
206
208
208
209
209
210
211
212
213
214
215
216
216
217
217
219
219
221
221
222
222
223
224
225
226
227
227
228
229
230
231
233
233
235
236
238
238
239
239
240
241
242
244
245
245
246
247
247
248
249
250
251
252
253
253
254
254
255
256
257
258
259
259
261
261
262
263
264
265
265
268
269
270
271
273
274
275
275
278
279
280
281
283
284
285
286
287
288
288
289
290
293
294
294
295
296
298
301
301
303
304
305
307
310
313
314
315
317
318
320
324
326
328
329
331
333
334
337
339
339
343
344
345
348
349
350
353
354
356
360
362
366
369
370
373
375
376
378
381
383
385
386
387
388
390
392
393
397
397
400
402
402
405
407
410
411
414
414
416
417
419
420
422
427
428
431
435
438
440
444
445
448
450
455
464
468
469
471
472
478
481
483
484
485
489
491
492
500
504
505
513
516
520
522
524
529
530
535
539
544
548
548
552
559
563
570
571
580
585
590
599
608
614
618
622
629
639
641
643
647
650
661
668
669
670
675
681
684
690
701
715
719
737
741
750
760
765
784
788
797
809
814
822
832
844
851
857
862
867
876
880
888
903
910
917
926
935
938
950
965
977
987
999
1007
1019
1030
1038
1049
1058
1081
1120
1150
1176
1184
1207
1225
1253
1274
1285
1292
1321
1340
1370
1387
1408
1412
1451
1479
1526
1560
1580
1668
1747
1901
1938
1955
2089
2106
2186
2241
2268
2358
2384
2390
2523
2571
2642
2764
2827
2921
2980
2982
2996
3029
3135
3195
3261
3647
3783
3862
4106
4133
4305
4781
5103
7120
8510
8934
11072
14820
